   1.00000000000000     
   1.00000000000000     
   1.00000000000000     
   1.00000000000000     
  0.999759892467918     
  0.999759892467918     
  0.999759892467918     
  0.999759892467918     
  0.999759892467918     
   1.00000000000000     
   1.00000000000000     
   1.00000000000000     
   1.00000000000000     
   1.00000000000000     
   1.00000000000000     
   1.00000000000000     
   1.00000000000000     
   1.00000000000000     
   1.00000000000000     
   1.00000000000000     
   1.00000000000000     
   1.00000000000000     
   1.00000000000000     
   1.00000000000000     
   1.00000000000000     
   1.00000000000000     
   1.00000000000000     
   1.00000000000000     
   1.00000000000000     
   1.00000000000000     
   1.00000000000000     
   1.00000000000000     
   1.00000000000000     
   1.00000000000000     
   1.00000000000000     
   1.00000000000000     
   1.00000000000000     
   1.00000000000000     
   1.00000000000000     
   1.00000000000000     
   1.00000000000000     
   1.00000000000000     
   1.00000000000000     
   1.00000000000000     
   1.00000000000000     
   1.00000000000000     
   1.00000000000000     
   1.00000000000000     
   1.00000000000000     
   1.00000000000000     
   2.39962974462924     
   2.41445371216363     
   2.42569244162289     
   2.44848673238207     
   2.39595215115088     
   2.42193459120984     
   2.48349289694353     
   2.51951455056560     
   2.54411518083963     
   2.59048679142660     
   2.59048679142660     
   2.54411518083963     
   2.50739178608813     
   2.49339518122161     
   2.47562751959771     
   2.45618032777055     
   2.43703628780351     
   2.45618032777055     
   2.46004528501330     
   2.44465798065043     
   2.44848673238207     
   2.43324323521549     
   2.45232749588385     
   2.44465798065043     
   2.43135113316633     
   2.43324323521549     
   2.41818836601075     
   2.41073057613871     
   2.43703628780351     
   2.45232749588385     
   2.45232749588385     
   2.46004528501330     
   2.43703628780351     
   2.42193459120984     
   2.42193459120984     
   2.44084118442772     
   2.44465798065043     
   2.44848673238207     
   2.46004528501330     
   2.46781180525012     
   2.46781180525012     
   2.46004528501330     
   2.44084118442772     
   2.44848673238207     
   2.43893725214657     
   2.44084118442772     
   2.45232749588385     
   2.43703628780351     
   2.42946197144670     
   2.44465798065043     
  0.586237137251032     
  0.587360835527887     
  0.589101729298697     
  0.590309748563008     
  0.575010849162118     
  0.539876541560201     
  0.549000088642880     
  0.554451696820788     
  0.558287734252064     
  0.569287263674409     
  0.600739454016856     
  0.598073071970904     
  0.596395117180017     
  0.595536171371556     
  0.594525088682808     
  0.593061512601724     
  0.592616702426392     
  0.593880849333597     
  0.593866249684138     
  0.593505829274158     
  0.593263233699036     
  0.593068421563954     
  0.593906926580029     
  0.593193750856539     
  0.592587513444389     
  0.592198155699380     
  0.590881488563461     
  0.590701055346089     
  0.592562046826852     
  0.593539957845110     
  0.593912923329815     
  0.593733663542882     
  0.592212259702650     
  0.591093138074902     
  0.591289619289658     
  0.592375104336617     
  0.592929526288333     
  0.593528098476837     
  0.594396006844610     
  0.594955176393853     
  0.595068893147603     
  0.594226093954601     
  0.593546585218182     
  0.593621959472058     
  0.593164165853800     
  0.593705575590440     
  0.593874986048649     
  0.592805286491056     
  0.592805685060258     
  0.593528906795578     
  0.416159570082556     
  0.412843073890779     
  0.429813380319908     
  0.396872952604865     
  0.408971581036254     
  0.406679282382731     
  0.395365011496458     
  0.392058286750436     
  0.396667016666948     
  0.395136661717797     
  0.391149065654406     
  0.390805753153838     
  0.406660897371654     
  0.401368967643146     
  0.397600439016488     
  0.391091173188584     
  0.427299190952903     
  0.416898494599387     
  0.396810217041808     
  0.415895879701982     
  0.394043808859753     
  0.428390605230018     
  0.405378889244827     
  0.397113145682037     
  0.412030751177608     
  0.394903389108576     
  0.396755171818820     
  0.430462915288721     
  0.424239778404642     
  0.410416515171998     
  0.420972150727987     
  0.391444759980619     
  0.394557941113494     
  0.405373666324630     
  0.425425502908252     
  0.413022731872688     
  0.412993734466950     
  0.421372894860245     
  0.419816983482030     
  0.414095625240932     
  0.408157393535698     
  0.393159641450924     
  0.418627554686686     
  0.401662700520058     
  0.410519029607416     
  0.422845341038494     
  0.397574782633993     
  0.400645370680879     
  0.423634775818211     
  0.410817582272607     
  0.170077567168476     
  0.174517761637108     
  0.159288348978789     
  0.193436795958143     
  0.166039268125864     
  0.133197259177470     
  0.153635077146422     
  0.162393410070352     
  0.161620717585116     
  0.174150601956612     
  0.209590388362450     
  0.207267318817067     
  0.189734219808364     
  0.194167203728410     
  0.196924649666320     
  0.201970339413140     
  0.165317511473489     
  0.176982354734210     
  0.197056032642331     
  0.177609949572176     
  0.199219424839282     
  0.164677816333936     
  0.188528037335202     
  0.196080605174502     
  0.180556762266781     
  0.197294766590803     
  0.194126316744641     
  0.160238140057368     
  0.168322268422210     
  0.183123442673112     
  0.172940772601828     
  0.202288903562263     
  0.197654318589157     
  0.185719471750272     
  0.165864116381406     
  0.179352372463928     
  0.179935791821384     
  0.172155203616592     
  0.174579023362580     
  0.180859551152921     
  0.186911499611905     
  0.201066452503677     
  0.174919030531496     
  0.191959258952000     
  0.182645136246384     
  0.170860234551946     
  0.196300203414655     
  0.192159915810177     
  0.169170909242047     
  0.182711324522971     
  0.422025621586163     
  0.425446664915952     
  0.428693883632048     
  0.433609676205697     
  0.413309544295521     
  0.392263701296218     
  0.409031346169788     
  0.419084735317726     
  0.426104489996171     
  0.442419341122784     
  0.466862286215849     
  0.456470034495772     
  0.448618865424073     
  0.445472105982303     
  0.441546801190327     
  0.436999806123061     
  0.433268522571473     
  0.437603537751857     
  0.438281360239201     
  0.435275628629287     
  0.435779146956653     
  0.432923917437127     
  0.436936285814421     
  0.435046751131021     
  0.432236496693965     
  0.432288646878782     
  0.428658822400580     
  0.427206328644066     
  0.433228563267646     
  0.436666307558790     
  0.436940697612737     
  0.438183509865701     
  0.432972830093240     
  0.429476675319114     
  0.429619434714275     
  0.433768065388345     
  0.434852969521217     
  0.435973702324948     
  0.438672328220646     
  0.440471222369826     
  0.440555411834034     
  0.438546930199464     
  0.434625885023090     
  0.436042647545398     
  0.434007054221786     
  0.434742306097657     
  0.436912787221422     
  0.433406398434136     
  0.432059660493394     
  0.435292553623362     
   1.29244099254337     
   1.27837655007606     
   1.26959371379906     
   1.24603681003340     
   1.25808785492161     
   1.24201032263075     
   1.19262510693776     
   1.16576782938307     
   1.14915430970158     
   1.13269842555834     
   1.12973350197283     
   1.16581361645109     
   1.19705300862321     
   1.20842254349688     
   1.22326422225223     
   1.23964726145181     
   1.25982352491419     
   1.24192404107297     
   1.23687165003609     
   1.25218868741185     
   1.24689584562753     
   1.26354070209944     
   1.24449125883410     
   1.25059061915690     
   1.26381417402151     
   1.26058258003863     
   1.27431731369473     
   1.28404322177374     
   1.25942583805668     
   1.24457305400441     
   1.24551455391045     
   1.23621038050227     
   1.25687920287109     
   1.27141732100141     
   1.27309444195545     
   1.25493366285854     
   1.25151994284178     
   1.24885085492774     
   1.23856694790475     
   1.23141333039443     
   1.23100197749367     
   1.23655867858340     
   1.25580528395293     
   1.24753324217610     
   1.25684811559309     
   1.25621674636596     
   1.24380184669381     
   1.25769171306224     
   1.26649377269620     
   1.25168134820615     
   1.25147907054882     
   1.23612365008458     
   1.22210674039151     
   1.21341153126920     
   1.19032578895264     
   1.20201940521685     
   1.18697447901776     
   1.13745484521748     
   1.11068828340548     
   1.09408003339744     
   1.07771129890124     
   1.07353395688548     
   1.11013089423288     
   1.14129142127230     
   1.15278921114298     
   1.16755334396596     
   1.18392850115891     
   1.20402277505377     
   1.18611389584621     
   1.18105510874008     
   1.19648436563329     
   1.19106604772148     
   1.20773129040884     
   1.18867837678713     
   1.19482668083362     
   1.20801366588419     
   1.20484988215600     
   1.21817688403826     
   1.22758143105281     
   1.20370461341807     
   1.18878977240958     
   1.18973524297014     
   1.18035510710511     
   1.20112747503289     
   1.21528923765461     
   1.21698101292741     
   1.19921238609935     
   1.19576384258598     
   1.19306485597298     
   1.18271164443758     
   1.17562963513275     
   1.17524976963404     
   1.18078370625683     
   1.20008315648087     
   1.19171743606103     
   1.20110773139329     
   1.20046528672787     
   1.18797524993297     
   1.20195148443195     
   1.21065031032962     
   1.19590103748492     
  0.000000000000000E+000
  0.000000000000000E+000
  0.000000000000000E+000
  0.000000000000000E+000
  0.000000000000000E+000
  0.000000000000000E+000
  0.000000000000000E+000
  0.000000000000000E+000
  0.000000000000000E+000
  0.000000000000000E+000
  0.000000000000000E+000
  0.000000000000000E+000
  0.000000000000000E+000
  0.000000000000000E+000
  0.000000000000000E+000
  0.000000000000000E+000
  0.000000000000000E+000
  0.000000000000000E+000
  0.000000000000000E+000
  0.000000000000000E+000
  0.000000000000000E+000
  0.000000000000000E+000
  0.000000000000000E+000
  0.000000000000000E+000
  0.000000000000000E+000
  0.000000000000000E+000
  0.000000000000000E+000
  0.000000000000000E+000
  0.000000000000000E+000
  0.000000000000000E+000
  0.000000000000000E+000
  0.000000000000000E+000
  0.000000000000000E+000
  0.000000000000000E+000
  0.000000000000000E+000
  0.000000000000000E+000
  0.000000000000000E+000
  0.000000000000000E+000
  0.000000000000000E+000
  0.000000000000000E+000
  0.000000000000000E+000
  0.000000000000000E+000
  0.000000000000000E+000
  0.000000000000000E+000
  0.000000000000000E+000
  0.000000000000000E+000
  0.000000000000000E+000
  0.000000000000000E+000
  0.000000000000000E+000
  0.000000000000000E+000
  9.496358115029867E-002
  9.509261595885952E-002
  9.524328649231675E-002
  9.540921117763278E-002
  9.530873842714248E-002
  9.678053556133456E-002
  9.807208394066610E-002
  9.856894952439826E-002
  9.878495435893492E-002
  9.895933417859820E-002
  9.555866224806960E-002
  9.558678710982231E-002
  9.576802733968832E-002
  9.594436947178427E-002
  9.613637913134060E-002
  9.625841491058237E-002
  9.628917209563838E-002
  9.634198693705191E-002
  9.639485141408727E-002
  9.650177192507646E-002
  9.653875501907824E-002
  9.654295115442496E-002
  9.655878015285141E-002
  9.656629758807585E-002
  9.658517824218023E-002
  9.657983491202396E-002
  9.647251402069920E-002
  9.625654147205244E-002
  9.627466964855506E-002
  9.630640204077535E-002
  9.630444179019436E-002
  9.632156493877664E-002
  9.639153546074063E-002
  9.631455564715125E-002
  9.618137898338613E-002
  9.617566974345440E-002
  9.625000367932615E-002
  9.626840164954359E-002
  9.627152146749078E-002
  9.630338425646777E-002
  9.641566207511096E-002
  9.649729831189453E-002
  9.654050771557440E-002
  9.656459182486145E-002
  9.655398549758198E-002
  9.659617872484193E-002
  9.658800962435324E-002
  9.657712797493673E-002
  9.659526341608175E-002
  9.654758915405520E-002
   1.32548677958738     
   1.32446288433770     
   1.32565611870726     
   1.32718835635618     
   1.32916385440189     
   1.32781327907091     
   1.34251438654953     
   1.35579258203222     
   1.36071313861066     
   1.36276295739228     
   1.36442602205714     
   1.33041930275186     
   1.33078128490115     
   1.33275201602244     
   1.33451543734340     
   1.33643553393897     
   1.33765589173138     
   1.33759618195657     
   1.33849161199607     
   1.33902025676643     
   1.34008946187632     
   1.34045929281634     
   1.34008343317943     
   1.34065954415408     
   1.34073471850631     
   1.34050570405698     
   1.34045227075541     
   1.33963163293703     
   1.33729166010557     
   1.33745115748574     
   1.33813576303330     
   1.33811616052750     
   1.33828739201333     
   1.33861981560760     
   1.33785458740769     
   1.33652282077004     
   1.33670927344781     
   1.33757177941882     
   1.33775575912099     
   1.33778695730047     
   1.33810558519023     
   1.33922836337667     
   1.34004472574450     
   1.34035765316902     
   1.34071766087417     
   1.34049243098909     
   1.34091436326169     
   1.34095183886909     
   1.34047574074956     
   1.34060655579599     
  0.000000000000000E+000
  0.000000000000000E+000
  0.000000000000000E+000
  2.121995664484467E-314
  0.000000000000000E+000
  0.000000000000000E+000
  0.000000000000000E+000
  0.000000000000000E+000
  0.000000000000000E+000
  0.000000000000000E+000
  1.581167088978008E-153
  6.013470016999068E-154
  0.000000000000000E+000
  0.000000000000000E+000
  0.000000000000000E+000
  0.000000000000000E+000
  0.000000000000000E+000
  0.000000000000000E+000
                     NaN
                     NaN
  0.000000000000000E+000
  0.000000000000000E+000
  0.000000000000000E+000
  0.000000000000000E+000
  0.000000000000000E+000
  0.000000000000000E+000
  0.000000000000000E+000
  0.000000000000000E+000
  0.000000000000000E+000
  0.000000000000000E+000
  0.000000000000000E+000
  0.000000000000000E+000
  0.000000000000000E+000
  0.000000000000000E+000
  0.000000000000000E+000
  0.000000000000000E+000
  0.000000000000000E+000
  0.000000000000000E+000
  0.000000000000000E+000
  0.000000000000000E+000
  0.000000000000000E+000
  0.000000000000000E+000
  0.000000000000000E+000
  0.000000000000000E+000
  0.000000000000000E+000
  0.000000000000000E+000
  9.881312916824931E-324
 -1.175876237102167E-321
  0.000000000000000E+000
  0.000000000000000E+000
  0.999359096539095     
   1.00061513271758     
   1.00222801445329     
   1.00430748608035     
   1.00288582783722     
   1.01836067781470     
   1.03233772569122     
   1.03751725893169     
   1.03967496291234     
   1.04142555729641     
   1.00562901065926     
   1.00601004450063     
   1.00808449831251     
   1.00994073128194     
   1.01196188559306     
   1.01324647274297     
   1.01318362034844     
   1.01412617828475     
   1.01468264646407     
   1.01580812552712     
   1.01619742125345     
   1.01580177953039     
   1.01640821213528     
   1.01648734303237     
   1.01624627519097     
   1.01619002961037     
   1.01532620032787     
   1.01286307103160     
   1.01303096301072     
   1.01375160042921     
   1.01373096621257     
   1.01391120988186     
   1.01426112945478     
   1.01345562608645     
   1.01205376646787     
   1.01225003244448     
   1.01315793346660     
   1.01335159631099     
   1.01338443649990     
   1.01371983427861     
   1.01490170605380     
   1.01576103486204     
   1.01609043215101     
   1.01646938763012     
   1.01623230354057     
   1.01667644277487     
   1.01671589078266     
   1.01621473486737     
   1.01635243491625     
   1.01629041214795     
   1.03547591382255     
   1.03507547898066     
   1.03478785423599     
   1.03327085475959     
   1.03544390357124     
   1.12379458075283     
   1.12765347416964     
   1.13105330264295     
   1.12957501874546     
   1.12611126421677     
   1.03705113790504     
   1.00639412233742     
   1.01513625749023     
   1.02178020836926     
   1.02391801728081     
   1.03155692640745     
   1.04051100115764     
   1.03875247744154     
   1.03558453794216     
   1.04043152167000     
   1.04152538886138     
   1.04541621303644     
   1.04252066042750     
   1.04250440022867     
   1.04612224480062     
   1.04673844572003     
   1.04763571417236     
   1.04990443906550     
   1.04528373518432     
   1.04210223882767     
   1.04226616747875     
   1.03805192961970     
   1.04238812186056     
   1.04718906276120     
   1.04663545571336     
   1.04520570061822     
   1.04169410935285     
   1.04264767991120     
   1.03857268632256     
   1.03840835704689     
   1.03830355386818     
   1.03885166951069     
   1.04358362425146     
   1.04351150302767     
   1.04381743552521     
   1.04348289031702     
   1.03974502827205     
   1.04387595688891     
   1.04769663900465     
   1.04420751595415     
  5.157092265466812E-002
  4.929490041977880E-002
  4.923502516615497E-002
  4.914612571941546E-002
  5.161476297608503E-002
  3.516663453110380E-002
  3.644191630188875E-002
  4.454057854412063E-002
  4.735406194073288E-002
  4.792984055464533E-002
  8.538945185665292E-002
  5.072514449364030E-002
  4.896204203223065E-002
  4.907654018409158E-002
  4.881880719391951E-002
  4.945431663958377E-002
  5.035091458930108E-002
  4.973525911540544E-002
  5.007422097558512E-002
  4.947738668289192E-002
  5.015729606645714E-002
  5.048295716070950E-002
  4.994047648773181E-002
  5.043745656528897E-002
  5.031388719010121E-002
  5.014111832137202E-002
  5.083076637546546E-002
  5.221180151181481E-002
  5.013934030121359E-002
  4.996481250012152E-002
  5.067005226431776E-002
  5.047020608922592E-002
  4.990490576490292E-002
  5.087822279604282E-002
  5.151485421470448E-002
  5.041260522989477E-002
  4.981659542480532E-002
  5.048543855142473E-002
  5.063657806467703E-002
  5.033237846544536E-002
  4.946913458001967E-002
  4.973258395821101E-002
  5.009411049782542E-002
  5.015352098248882E-002
  5.062517423793955E-002
  4.995580511855813E-002
  5.046372792260923E-002
  5.061574720808137E-002
  4.994874970807306E-002
  5.058139909162684E-002
  0.274556760393620     
  0.274552851200337     
  0.274193079087816     
  0.273734744556413     
  0.274663263588591     
  0.274285966725108     
  0.273734744556413     
  0.273734744556413     
  0.273684113757588     
  0.273407559541227     
  0.273407559541227     
  0.273684113757588     
  0.273734744556413     
  0.273734744556413     
  0.273734744556413     
  0.273734744556413     
  0.274121356793639     
  0.273734744556413     
  0.273734744556413     
  0.273734744556413     
  0.273734744556413     
  0.274174556125238     
  0.273734744556413     
  0.273734744556413     
  0.274174556125238     
  0.274174556125238     
  0.274295304052077     
  0.274556760393620     
  0.274121356793639     
  0.273734744556413     
  0.273734744556413     
  0.273734744556413     
  0.274121356793639     
  0.274285966725108     
  0.274285966725108     
  0.273860183095662     
  0.273734744556413     
  0.273734744556413     
  0.273734744556413     
  0.273734744556413     
  0.273734744556413     
  0.273734744556413     
  0.273860183095662     
  0.273734744556413     
  0.273860183095662     
  0.273860183095662     
  0.273734744556413     
  0.274121356793639     
  0.274174556125238     
  0.273734744556413     
  0.833461914062501     
  0.828344726562501     
  0.824506835937501     
  0.816831054687501     
  0.834741210937501     
  0.825786132812501     
  0.805317382812501     
  0.793803710937501     
  0.786127929687501     
  0.772055664062501     
  0.772055664062501     
  0.786127929687501     
  0.797641601562501     
  0.802119140625001     
  0.807875976562501     
  0.814272460937501     
  0.820668945312501     
  0.814272460937501     
  0.812993164062501     
  0.818110351562501     
  0.816831054687501     
  0.821948242187501     
  0.815551757812501     
  0.818110351562501     
  0.822587890625001     
  0.821948242187501     
  0.827065429687501     
  0.829624023437501     
  0.820668945312501     
  0.815551757812501     
  0.815551757812501     
  0.812993164062501     
  0.820668945312501     
  0.825786132812501     
  0.825786132812501     
  0.819389648437501     
  0.818110351562501     
  0.816831054687501     
  0.812993164062501     
  0.810434570312501     
  0.810434570312501     
  0.812993164062501     
  0.819389648437501     
  0.816831054687501     
  0.820029296875001     
  0.819389648437501     
  0.815551757812501     
  0.820668945312501     
  0.823227539062501     
  0.818110351562501     
  0.962172878620269     
  0.960973780915467     
  0.959486059869068     
  0.958578878550615     
  0.981366014036229     
  0.977058726548854     
  0.972235266018016     
  0.969237639939307     
  0.966732845189312     
  0.945661778469199     
  0.946775063676673     
  0.950522925079328     
  0.953063764855493     
  0.954355420006587     
  0.955952213639084     
  0.957784087586716     
  0.958337424577979     
  0.956995495781670     
  0.957242018109799     
  0.957959995348288     
  0.958282374888658     
  0.958562770924516     
  0.957610950862128     
  0.958509299788542     
  0.959215548006949     
  0.959571843701590     
  0.960860416784783     
  0.960548955514555     
  0.958473251914894     
  0.957582699257368     
  0.957257703939304     
  0.957471835719202     
  0.959344514135224     
  0.960355827082376     
  0.959787719323607     
  0.958515342362151     
  0.958189739429162     
  0.957608688353937     
  0.956653646764410     
  0.956125802340070     
  0.956269209438943     
  0.957350766008602     
  0.958216648882894     
  0.958062563118855     
  0.958607421907639     
  0.958075750299761     
  0.957849177009428     
  0.959066258106995     
  0.959049193977715     
  0.958134273084453     
  0.170077567168476     
  0.174517761637108     
  0.159288348978789     
  0.193436795958143     
  0.166039268125864     
  0.133197259177470     
  0.153635077146422     
  0.162393410070352     
  0.161620717585116     
  0.174150601956612     
  0.209590388362450     
  0.207267318817067     
  0.189734219808364     
  0.194167203728410     
  0.196924649666320     
  0.201970339413140     
  0.165317511473489     
  0.176982354734210     
  0.197056032642331     
  0.177609949572176     
  0.199219424839282     
  0.164677816333936     
  0.188528037335202     
  0.196080605174502     
  0.180556762266781     
  0.197294766590803     
  0.194126316744641     
  0.160238140057368     
  0.168322268422210     
  0.183123442673112     
  0.172940772601828     
  0.202288903562263     
  0.197654318589157     
  0.185719471750272     
  0.165864116381406     
  0.179352372463928     
  0.179935791821384     
  0.172155203616592     
  0.174579023362580     
  0.180859551152921     
  0.186911499611905     
  0.201066452503677     
  0.174919030531496     
  0.191959258952000     
  0.182645136246384     
  0.170860234551946     
  0.196300203414655     
  0.192159915810177     
  0.169170909242047     
  0.182711324522971     
  0.628179024972645     
  0.619793150508426     
  0.618067779937878     
  0.606170462788337     
  0.614749569508050     
  0.306479590311790     
  0.307997117570661     
  0.309628345984593     
  0.310612262504728     
  0.310824097373158     
  0.563514507447841     
  0.578756558520606     
  0.590347842752769     
  0.591725028152343     
  0.597341051661160     
  0.604464262970001     
  0.614920478805871     
  0.603256914371428     
  0.600949815088830     
  0.609919404787146     
  0.605907661085098     
  0.616380672707373     
  0.604415316654972     
  0.609153589068333     
  0.616948449242372     
  0.614976029424209     
  0.624578718323255     
  0.630646458663697     
  0.616830882324604     
  0.609800443699221     
  0.610675937158101     
  0.604251833729946     
  0.616579152813881     
  0.624426878602046     
  0.625356097570840     
  0.615184760630990     
  0.614592259447223     
  0.612967097770912     
  0.606321366579066     
  0.601449485854452     
  0.600287634147389     
  0.602377843881323     
  0.613077942530496     
  0.606932767688353     
  0.613229002330339     
  0.612622901703869     
  0.605414434556536     
  0.614403852752198     
  0.619351431273064     
  0.610561198117869     
 -0.518277038006041     
 -0.535994902573373     
 -0.557064704933171     
 -0.585349837713100     
 -0.599061521789837     
 -0.321591104442362     
 -0.374654942285639     
 -0.412627870935584     
 -0.443732868938992     
 -0.476419955625359     
 -0.746435937050232     
 -0.755505912169521     
 -0.757907048582721     
 -0.762843737520596     
 -0.764208771374480     
 -0.761755888781505     
 -0.755215955158662     
 -0.762043870447550     
 -0.765862126683485     
 -0.760981515649927     
 -0.762481217224821     
 -0.755715346503906     
 -0.761390706530819     
 -0.759423978206558     
 -0.753172992682828     
 -0.752178664660971     
 -0.745037097312794     
 -0.737583016977577     
 -0.743638256509900     
 -0.748027106747082     
 -0.747464692413803     
 -0.750684467319755     
 -0.742894093924005     
 -0.734952718749940     
 -0.731208000194291     
 -0.735633926549264     
 -0.736081753655256     
 -0.736233099592831     
 -0.739705560349575     
 -0.743203558060639     
 -0.744848839407223     
 -0.744012934824401     
 -0.736969409770605     
 -0.739030651546475     
 -0.735466764436020     
 -0.734672349498309     
 -0.738971177469675     
 -0.733962211299822     
 -0.729076931532891     
 -0.733207375873529     
  0.300000000000000     
  0.300000000000000     
  0.300000000000000     
  0.300000000000000     
  0.000000000000000E+000
  0.000000000000000E+000
  0.000000000000000E+000
  0.000000000000000E+000
  0.000000000000000E+000
  0.300000000000000     
  0.300000000000000     
  0.300000000000000     
  0.300000000000000     
  0.300000000000000     
  0.300000000000000     
  0.300000000000000     
  0.300000000000000     
  0.300000000000000     
  0.300000000000000     
  0.300000000000000     
  0.300000000000000     
  0.300000000000000     
  0.300000000000000     
  0.300000000000000     
  0.300000000000000     
  0.300000000000000     
  0.300000000000000     
  0.300000000000000     
  0.300000000000000     
  0.300000000000000     
  0.300000000000000     
  0.300000000000000     
  0.300000000000000     
  0.300000000000000     
  0.300000000000000     
  0.300000000000000     
  0.300000000000000     
  0.300000000000000     
  0.300000000000000     
  0.300000000000000     
  0.300000000000000     
  0.300000000000000     
  0.300000000000000     
  0.300000000000000     
  0.300000000000000     
  0.300000000000000     
  0.300000000000000     
  0.300000000000000     
  0.300000000000000     
  0.300000000000000     
  0.000000000000000E+000
  0.000000000000000E+000
  0.000000000000000E+000
  0.000000000000000E+000
  0.000000000000000E+000
  0.000000000000000E+000
  0.000000000000000E+000
  0.000000000000000E+000
  0.000000000000000E+000
  0.000000000000000E+000
  0.000000000000000E+000
  0.000000000000000E+000
  0.000000000000000E+000
  0.000000000000000E+000
  0.000000000000000E+000
  0.000000000000000E+000
  0.000000000000000E+000
  0.000000000000000E+000
  0.000000000000000E+000
  0.000000000000000E+000
  0.000000000000000E+000
  0.000000000000000E+000
  0.000000000000000E+000
  0.000000000000000E+000
  0.000000000000000E+000
  0.000000000000000E+000
  0.000000000000000E+000
  0.000000000000000E+000
  0.000000000000000E+000
  0.000000000000000E+000
  0.000000000000000E+000
  0.000000000000000E+000
  0.000000000000000E+000
  0.000000000000000E+000
  0.000000000000000E+000
  0.000000000000000E+000
  0.000000000000000E+000
  0.000000000000000E+000
  0.000000000000000E+000
  0.000000000000000E+000
  0.000000000000000E+000
  0.000000000000000E+000
  0.000000000000000E+000
  0.000000000000000E+000
  0.000000000000000E+000
  0.000000000000000E+000
  0.000000000000000E+000
  0.000000000000000E+000
  0.000000000000000E+000
  0.000000000000000E+000
  0.000000000000000E+000
  0.000000000000000E+000
  0.000000000000000E+000
  0.000000000000000E+000
  0.000000000000000E+000
  0.000000000000000E+000
  0.000000000000000E+000
  0.000000000000000E+000
  0.000000000000000E+000
  0.000000000000000E+000
  0.000000000000000E+000
  0.000000000000000E+000
  0.000000000000000E+000
  0.000000000000000E+000
  0.000000000000000E+000
  0.000000000000000E+000
  0.000000000000000E+000
  0.000000000000000E+000
  0.000000000000000E+000
  0.000000000000000E+000
  0.000000000000000E+000
  0.000000000000000E+000
  0.000000000000000E+000
  0.000000000000000E+000
  0.000000000000000E+000
  0.000000000000000E+000
  0.000000000000000E+000
  0.000000000000000E+000
  0.000000000000000E+000
  0.000000000000000E+000
  0.000000000000000E+000
  0.000000000000000E+000
  0.000000000000000E+000
  0.000000000000000E+000
  0.000000000000000E+000
  0.000000000000000E+000
  0.000000000000000E+000
  0.000000000000000E+000
  0.000000000000000E+000
  0.000000000000000E+000
  0.000000000000000E+000
  0.000000000000000E+000
  0.000000000000000E+000
  0.000000000000000E+000
  0.000000000000000E+000
  0.000000000000000E+000
  0.000000000000000E+000
  0.000000000000000E+000
  0.000000000000000E+000
  0.000000000000000E+000
  0.000000000000000E+000
  0.000000000000000E+000
  0.000000000000000E+000
  0.000000000000000E+000
  0.000000000000000E+000
  0.000000000000000E+000
  0.000000000000000E+000
  0.000000000000000E+000
  0.000000000000000E+000
  0.000000000000000E+000
  0.000000000000000E+000
  0.000000000000000E+000
  0.000000000000000E+000
  0.000000000000000E+000
  0.000000000000000E+000
  0.000000000000000E+000
  0.000000000000000E+000
  0.000000000000000E+000
  0.000000000000000E+000
  0.000000000000000E+000
  0.000000000000000E+000
  0.000000000000000E+000
  0.000000000000000E+000
  0.000000000000000E+000
  0.000000000000000E+000
  0.000000000000000E+000
  0.000000000000000E+000
  0.000000000000000E+000
  0.000000000000000E+000
  0.000000000000000E+000
  0.000000000000000E+000
  0.000000000000000E+000
  0.000000000000000E+000
  0.000000000000000E+000
  0.000000000000000E+000
  0.000000000000000E+000
  0.000000000000000E+000
  0.000000000000000E+000
  0.000000000000000E+000
  0.000000000000000E+000
  0.000000000000000E+000
  0.000000000000000E+000
  0.000000000000000E+000
  0.000000000000000E+000
  0.000000000000000E+000
  0.000000000000000E+000
  0.000000000000000E+000
  0.000000000000000E+000
  0.000000000000000E+000
  0.000000000000000E+000
   1.02500000000000     
   1.02500000000000     
   1.02500000000000     
   1.02500000000000     
   1.12750000000000     
   1.12750000000000     
   1.12750000000000     
   1.12750000000000     
   1.12750000000000     
   1.02500000000000     
   1.02500000000000     
   1.02500000000000     
   1.02500000000000     
   1.02500000000000     
   1.02500000000000     
   1.02500000000000     
   1.02500000000000     
   1.02500000000000     
   1.02500000000000     
   1.02500000000000     
   1.02500000000000     
   1.02500000000000     
   1.02500000000000     
   1.02500000000000     
   1.02500000000000     
   1.02500000000000     
   1.02500000000000     
   1.02500000000000     
   1.02500000000000     
   1.02500000000000     
   1.02500000000000     
   1.02500000000000     
   1.02500000000000     
   1.02500000000000     
   1.02500000000000     
   1.02500000000000     
   1.02500000000000     
   1.02500000000000     
   1.02500000000000     
   1.02500000000000     
   1.02500000000000     
   1.02500000000000     
   1.02500000000000     
   1.02500000000000     
   1.02500000000000     
   1.02500000000000     
   1.02500000000000     
   1.02500000000000     
   1.02500000000000     
   1.02500000000000     